- OS: Windows-10-10.0.19045-SP0 10.0.19045
- Python: 3.10.13
- Stable-Baselines3: 2.2.1
- PyTorch: 2.1.1
- GPU Enabled: True
- Numpy: 1.24.3
- Cloudpickle: 2.2.1
- Gymnasium: 0.28.1
